1 6 7 8 9 15 16 17 35 53 
11 15 2 1 1 0 0 0 0 0 
13 16 2 1 1 0 0 0 0 0 
10 15 2 1 2 0 0 0 0 0 
12 16 2 1 2 0 0 0 0 0 
11 15 2 1 0 0 0 1 0 0 
13 16 2 1 0 0 0 1 0 0 
10 15 2 1 1 0 0 1 0 0 
9 15 2 1 2 0 0 1 0 0 
11 16 2 1 2 0 0 1 0 0 
10 15 2 1 0 0 0 2 0 0 
9 15 2 1 1 0 0 2 0 0 
9 15 2 1 0 0 0 3 0 0 
11 16 2 1 0 0 0 3 0 0 
11 16 2 1 2 0 0 0 1 0 
12 16 2 1 1 0 0 0 0 1 
11 16 2 1 3 0 0 0 0 0 
10 15 5 1 1 0 0 0 0 0 
11 15 3 3 0 0 0 0 0 0 
10 15 3 3 1 0 0 0 0 0 
12 16 3 3 1 0 0 0 0 0 
10 15 3 3 0 0 0 1 0 0 
12 16 3 3 0 0 0 1 0 0 
10 16 3 3 3 0 0 0 0 0 
14 16 3 2 1 0 0 0 0 0 
13 15 3 1 0 0 0 0 0 0 
15 16 3 1 0 0 0 0 0 0 
14 16 3 1 1 0 0 0 0 0 
12 15 3 1 0 0 0 1 0 0 
15 17 3 2 0 0 0 0 0 0 
17 18 4 2 1 0 0 0 0 0 
17 17 3 1 0 0 0 0 0 0 
13 17 3 1 0 0 0 0 0 0 
12 17 3 1 1 0 0 0 0 0 
16 17 2 1 0 0 0 0 0 0 
14 17 2 1 0 0 0 0 0 0 
12 16 2 2 0 0 0 0 0 0 
13 17 2 2 1 0 0 0 0 0 
17 17 3 3 0 0 1 0 0 0 
12 15 2 1 0 0 0 0 0 0 
11 15 2 1 1 0 0 0 0 0 
10 15 2 1 2 0 0 0 0 0 
13 16 2 1 1 0 0 0 0 0 
13 16 2 1 0 0 0 1 0 0 
11 15 2 1 0 0 0 1 0 0 
12 16 2 1 1 0 0 1 0 0 
9 15 2 1 2 0 0 1 0 0 
13 16 2 1 1 0 0 0 0 0 
12 16 2 1 1 0 0 1 0 0 
11 16 2 1 1 0 0 2 0 0 
12 16 2 1 0 0 0 2 0 0 
9 15 2 1 1 0 0 2 0 0 
12 16 2 1 1 0 0 1 0 0 
10 15 2 1 0 0 0 2 0 0 
13 16 2 1 0 0 0 1 0 0 
13 16 3 1 1 0 0 1 0 0 
17 17 3 1 0 0 0 0 0 0 
18 18 3 2 0 0 0 1 0 0 
12 17 2 1 3 0 0 1 0 0 
13 18 2 1 0 0 0 1 0 0 
17 19 2 1 0 0 0 1 0 0 
15 17 3 4 0 0 0 0 0 0 
19 19 2 1 0 0 0 1 0 0 
18 19 3 2 0 0 0 1 0 0 
15 17 3 1 1 0 0 1 0 0 
23 21 3 1 1 0 0 1 0 0 
14 17 2 2 1 0 0 1 0 0 
13 18 3 1 1 0 1 1 0 0 
17 19 3 3 1 0 0 1 0 0 
16 18 2 3 1 0 0 1 0 0 
15 17 2 5 1 1 0 1 0 0 
18 19 3 3 0 0 0 1 0 0 
12 17 2 3 1 0 0 1 0 0 
10 10 2 1 0 0 0 0 0 0 
15 15 2 1 0 0 0 1 0 0 
17 16 2 1 0 0 0 1 0 0 
17 15 2 1 0 0 0 1 0 0 
10 14 3 1 0 0 0 0 1 0 
13 19 2 1 0 0 0 1 0 0 
13 16 2 1 0 0 0 1 0 0 
12 16 2 1 1 0 0 1 0 0 
12 16 3 3 0 0 0 1 0 0 
14 17 3 3 1 0 0 0 0 0 
17 18 2 1 0 0 0 1 0 0 
12 16 2 1 0 0 0 2 0 0 
11 15 2 2 0 0 0 1 0 0 
13 16 2 2 0 0 0 1 0 0 
10 15 2 2 0 0 0 2 0 0 
15 19 2 5 0 0 0 1 0 0 
18 19 3 3 0 0 0 1 0 0 
11 16 2 1 1 0 0 2 0 0 
11 16 2 3 0 0 0 1 0 0 
9 13 2 1 0 0 1 1 0 0 
9 13 2 1 0 0 1 1 0 0 
8 13 2 1 0 0 1 2 0 0 
8 13 2 1 0 0 1 2 0 0 
15 15 3 1 0 0 0 0 0 0 
14 15 2 1 0 0 0 0 0 0 
13 15 2 1 0 0 0 1 0 0 
15 16 2 1 0 0 0 1 0 0 
16 17 2 1 1 0 0 1 0 0 
14 16 3 3 0 0 0 1 0 0 
14 16 3 1 0 0 0 1 0 0 
11 15 2 2 0 0 0 1 0 0 
15 16 2 0 0 0 0 1 0 0 
17 18 2 2 0 0 0 1 0 0 
14 17 2 2 0 0 0 2 0 0 
17 20 2 3 0 0 0 1 0 0 
11 15 2 2 0 0 0 3 0 0 
14 16 3 4 0 0 0 1 0 0 
27 22 4 3 0 0 0 1 0 0 
19 19 4 3 0 0 0 0 1 0 
13 16 2 2 0 0 0 1 0 0 
11 15 2 2 0 0 0 1 0 0 
13 17 4 0 0 0 0 1 0 0 
11 16 4 0 0 0 0 1 0 0 
13 17 4 0 0 0 0 1 0 0 
12 17 4 0 0 0 0 2 0 0 
13 17 4 1 0 0 0 1 0 0 
18 19 5 0 0 0 0 1 0 0 
20 20 5 0 0 0 0 1 0 0 
14 18 4 0 1 0 0 1 0 0 
14 18 5 2 1 0 0 0 0 0 
14 18 5 2 0 0 0 1 0 0 
11 15 4 0 0 0 1 1 0 0 
15 17 4 0 0 0 1 1 0 0 
10 15 4 0 0 0 1 2 0 0 
10 15 4 0 0 0 1 1 1 0 
10 15 4 0 0 0 1 1 0 1 
11 15 5 0 0 0 1 2 0 0 
13 18 3 0 1 0 0 1 0 0 
13 18 3 1 1 0 0 1 0 0 
16 20 3 2 0 0 0 1 0 0 
20 22 3 2 0 0 0 1 0 0 
13 19 3 2 1 0 0 1 0 0 
17 21 3 3 1 0 0 1 0 0 
11 18 3 2 0 0 0 2 0 0 
12 18 4 1 1 0 0 1 0 0 
12 18 4 1 0 0 0 2 0 0 
19 21 5 1 0 0 0 2 0 0 
21 23 6 3 0 0 0 1 0 0 
11 16 1 1 1 0 0 1 0 0 
11 16 2 3 0 0 0 1 0 0 
15 18 3 0 0 0 0 0 0 0 
14 18 3 0 0 0 0 1 0 0 
11 17 3 0 1 0 0 1 0 0 
13 18 3 0 1 0 0 1 0 0 
14 18 4 0 1 0 0 1 0 0 
13 18 4 2 0 0 0 1 0 0 
15 18 3 0 1 0 0 1 0 0 
16 20 2 2 0 0 0 0 0 0 
18 21 2 2 0 0 0 0 0 0 
17 21 2 2 1 0 0 0 0 0 
16 21 2 2 1 0 0 1 0 0 
13 19 3 1 1 0 0 1 0 0 
12 18 2 0 1 0 0 1 0 0 
11 16 1 0 1 0 0 1 0 0 
14 19 3 0 0 0 0 1 0 0 
13 19 3 0 1 0 0 1 0 0 
12 18 4 0 1 0 0 1 0 0 
11 18 3 0 0 0 0 2 0 0 
12 16 4 0 0 0 0 0 0 0 
11 16 4 0 0 0 0 1 0 0 
11 16 4 0 0 0 0 1 0 0 
10 16 4 0 1 0 0 1 0 0 
10 16 4 0 0 0 0 2 0 0 
14 15 4 2 0 0 0 0 0 0 
13 15 4 2 0 0 0 1 0 0 
17 17 3 3 0 0 0 0 0 0 
16 17 3 3 0 0 0 1 0 0 
16 17 3 3 0 0 0 1 0 0 
23 20 3 4 0 0 0 0 0 0 
25 21 3 3 0 0 0 0 0 0 
23 20 3 3 0 0 0 0 0 0 
21 19 3 3 0 0 0 0 0 0 
23 20 3 3 0 0 1 0 0 0 
20 19 3 3 1 0 0 0 0 0 
20 19 3 3 1 0 0 0 0 0 
20 19 3 3 0 0 0 1 0 0 
19 19 3 3 1 0 0 1 0 0 
20 19 3 3 0 0 0 1 0 0 
20 19 3 3 0 0 0 0 1 0 
20 19 3 3 0 0 0 0 0 1 
20 20 3 3 3 0 0 0 0 0 
20 19 4 5 0 0 0 0 0 0 
18 18 3 3 0 0 0 1 0 0 
18 18 3 3 0 0 0 1 0 0 
16 18 3 3 0 0 0 1 0 0 
20 19 3 3 0 0 0 1 0 0 
20 19 3 3 0 0 0 1 0 0 
20 19 3 3 0 0 0 1 0 0 
18 19 3 3 0 0 0 1 0 0 
24 21 3 3 0 0 0 1 0 0 
22 21 3 3 0 0 0 1 0 0 
24 22 3 3 0 0 0 1 0 0 
26 23 3 3 0 0 0 1 0 0 
18 22 3 3 0 0 0 1 0 0 
16 21 3 3 0 0 0 1 0 0 
12 13 4 2 0 0 0 0 0 0 
15 15 3 3 0 0 0 0 0 0 
14 15 3 3 0 0 0 1 0 0 
14 15 3 3 0 0 0 1 0 0 
14 15 3 3 0 0 0 1 0 0 
14 15 3 3 0 0 0 1 0 0 
14 15 3 3 1 0 0 0 0 0 
14 15 3 3 1 0 0 0 0 0 
14 15 3 3 1 0 0 0 0 0 
12 15 3 3 0 0 0 1 0 0 
14 16 3 3 0 0 0 1 0 0 
18 18 3 3 0 0 0 1 0 0 
16 18 3 3 0 0 0 1 0 0 
20 20 3 3 0 0 0 1 0 0 
16 21 3 3 0 0 0 1 0 0 
18 18 3 3 1 0 0 0 0 0 
17 18 3 3 1 0 0 1 0 0 
18 18 3 3 0 0 0 0 1 0 
18 18 3 3 0 0 0 0 0 1 
19 18 3 3 0 0 0 0 0 0 
17 17 6 3 0 0 0 1 0 0 
20 20 5 3 0 0 2 1 0 0 
9 13 4 0 3 0 0 0 0 0 
11 16 3 1 0 0 0 0 0 0 
13 17 3 2 0 0 0 0 0 0 
10 16 3 1 0 0 0 1 0 0 
17 23 3 1 0 0 0 0 0 0 
19 24 3 2 0 0 0 0 0 0 
16 23 3 1 0 0 0 1 0 0 
16 23 3 1 1 0 0 0 0 0 
11 16 3 1 0 0 0 0 0 0 
13 17 3 2 0 0 0 0 0 0 
10 16 3 1 0 0 0 1 0 0 
10 16 3 1 1 0 0 0 0 0 
11 16 3 0 0 0 1 0 0 0 
10 16 3 0 0 0 0 1 0 0 
24 22 2 0 0 0 0 0 0 0 
24 22 2 0 0 0 0 0 0 0 
9 11 1 2 0 0 0 0 0 0 
7 10 1 2 0 0 0 0 0 0 
7 10 1 1 0 0 0 0 0 0 
9 11 1 2 0 0 0 0 0 0 
7 9 1 0 0 0 0 0 0 0 
13 13 1 4 0 0 0 0 0 0 
11 9 1 2 0 0 0 0 0 0 
15 11 1 2 0 0 0 0 0 0 
11 10 1 2 0 0 0 0 0 0 
13 11 1 2 0 0 0 0 0 0 
17 13 1 4 0 0 0 0 0 0 
11 10 1 4 0 0 0 0 0 0 
16 12 2 1 0 0 0 0 0 0 
16 12 2 0 0 0 0 0 0 0 
18 14 2 2 0 0 0 0 0 0 
17 20 3 1 0 0 1 0 0 0 
16 20 3 1 0 0 1 1 0 0 
17 20 3 3 0 0 0 0 0 0 
17 20 3 3 0 0 0 0 0 0 
19 21 3 1 0 0 1 0 0 0 
19 21 3 2 0 0 1 0 0 0 
19 21 3 2 0 0 1 0 0 0 
16 20 4 3 0 0 1 0 0 0 
18 20 4 1 0 0 1 0 0 0 
19 21 3 3 0 0 0 0 0 0 
18 20 4 1 0 0 1 0 0 0 
20 21 4 2 0 0 0 0 0 0 
18 21 3 2 1 0 1 0 0 0 
12 14 3 1 1 0 0 0 0 0 
19 20 5 2 0 0 0 0 0 0 
18 21 3 2 1 0 1 0 0 0 
16 20 3 3 1 0 0 0 0 0 
19 21 4 2 1 0 0 0 0 0 
18 22 3 2 3 0 1 0 0 0 
20 22 4 3 0 0 0 0 0 0 
19 21 5 4 0 0 0 0 0 0 
22 22 4 2 0 0 0 0 0 0 
19 21 4 2 1 0 0 0 0 0 
21 21 5 2 0 0 0 0 0 0 
21 21 5 2 0 0 0 0 0 0 
13 15 4 1 0 0 0 1 0 0 
17 21 4 1 1 0 0 0 0 0 
16 20 4 1 0 0 0 0 0 0 
5 6 1 1 0 0 0 0 0 0 
5 6 1 1 0 0 0 0 0 0 
7 7 1 1 0 0 0 0 0 0 
9 7 3 2 0 0 0 0 0 0 
13 13 3 2 0 0 0 0 0 0 
15 14 3 2 0 0 0 0 0 0 
7 8 3 2 0 0 0 0 0 0 
11 14 3 2 0 0 0 0 0 0 
20 21 2 1 0 0 0 0 0 0 
22 23 2 3 0 0 0 0 0 0 
8 14 2 1 0 0 0 0 0 0 
10 16 2 3 0 0 0 0 0 0 
12 17 2 3 0 0 0 0 0 0 
11 13 3 1 0 0 0 0 0 0 
18 17 2 4 0 0 0 0 0 0 
10 13 2 2 0 0 0 0 0 0 
16 15 2 1 0 0 0 0 0 0 
16 15 2 1 0 0 0 0 0 0 
18 16 2 1 0 0 0 0 0 0 
18 16 2 1 0 0 0 0 0 0 
14 18 2 1 0 0 0 0 0 0 
16 16 2 1 0 0 0 0 0 0 
12 14 2 2 0 0 0 0 0 0 
18 17 2 2 0 0 0 0 0 0 
16 16 2 2 0 0 0 0 0 0 
14 15 2 3 0 0 0 0 0 0 
14 15 2 2 0 0 0 0 0 0 
14 19 2 2 0 0 0 0 0 0 
8 13 2 0 0 0 0 0 0 0 
10 12 2 0 0 0 0 0 0 0 
8 12 2 2 0 0 0 0 0 0 
10 13 2 1 0 0 0 0 0 0 
8 12 2 1 0 0 0 0 0 0 
10 13 2 3 0 0 0 0 0 0 
14 15 2 2 0 0 0 0 0 0 
12 14 2 2 0 0 0 0 0 0 
10 12 2 1 0 0 0 0 0 0 
12 13 2 1 0 0 0 0 0 0 
14 14 2 1 0 0 0 0 0 0 
16 15 2 1 0 0 0 0 0 0 
14 15 2 1 0 0 0 0 0 0 
16 15 2 0 0 0 0 0 0 0 
9 12 3 1 0 0 0 0 0 0 
12 14 2 2 0 0 0 0 0 0 
7 11 2 0 0 0 0 1 0 0 
7 11 3 2 0 0 0 0 0 0 
7 12 3 0 0 0 1 0 0 0 
8 11 2 0 0 0 0 0 0 0 
10 12 2 1 0 0 0 0 0 0 
12 13 2 1 0 0 0 0 0 0 
14 14 2 1 0 0 0 0 0 0 
9 11 3 0 0 0 0 0 0 0 
8 11 2 1 0 0 0 0 0 0 
15 18 3 0 0 0 0 0 0 0 
15 18 3 0 0 0 0 0 0 0 
17 20 3 2 0 0 0 0 0 0 
17 19 3 1 0 0 0 0 0 0 
9 11 3 0 0 0 0 0 0 0 
16 19 2 0 0 0 0 0 0 0 
10 13 2 2 0 0 0 0 0 0 
11 14 1 2 0 0 1 0 0 0 
11 15 1 3 0 0 0 0 0 0 
12 15 2 3 0 0 0 0 0 0 
11 14 1 3 0 0 0 0 0 0 
13 15 1 2 0 0 0 0 0 0 
18 19 2 2 0 0 0 0 0 0 
16 14 2 2 0 0 0 0 0 0 
20 20 2 2 0 0 0 0 0 0 
18 18 2 1 0 0 0 0 0 0 
16 14 2 2 0 0 0 0 0 0 
16 14 2 3 0 0 0 0 0 0 
18 15 2 2 0 0 0 0 0 0 
18 15 2 3 0 0 0 0 0 0 
14 13 2 3 0 0 0 0 0 0 
14 12 2 1 0 0 0 0 0 0 
12 11 2 0 0 0 0 0 0 0 
14 12 2 0 0 0 0 0 0 0 
12 11 2 1 0 0 0 0 0 0 
17 18 3 2 0 0 0 0 0 0 
20 16 2 2 0 0 0 0 0 0 
11 17 3 0 0 0 0 0 0 0 
10 17 3 0 1 0 0 0 0 0 
10 17 3 0 1 0 0 0 0 0 
13 18 3 1 0 0 0 0 0 0 
10 17 3 0 1 0 0 0 0 0 
13 18 3 1 0 0 0 0 0 0 
13 18 3 0 0 0 0 0 0 0 
13 18 3 0 0 0 0 0 0 0 
13 18 3 0 0 0 0 0 0 0 
13 18 3 0 0 0 0 0 0 0 
13 18 3 0 0 0 0 0 0 0 
13 18 3 0 0 0 0 0 0 0 
15 19 3 0 0 0 0 0 0 0 
13 18 3 1 0 0 0 0 0 0 
10 17 3 0 0 0 0 1 0 0 
15 19 3 0 0 0 0 0 0 0 
10 17 3 0 0 0 0 1 0 0 
10 17 3 0 0 0 0 0 1 0 
17 24 3 1 0 0 0 0 0 0 
11 17 3 1 0 0 0 0 0 0 
10 17 3 0 0 0 0 1 0 0 
10 17 3 0 0 0 0 0 1 0 
10 17 3 0 0 0 0 1 0 0 
10 17 3 0 0 0 0 0 1 0 
17 24 3 1 0 0 0 0 0 0 
11 17 3 1 0 0 0 0 0 0 
17 24 3 1 0 0 0 0 0 0 
11 17 3 1 0 0 0 0 0 0 
10 17 4 2 0 0 0 0 0 0 
9 17 4 2 0 0 0 1 0 0 
9 17 4 2 0 0 0 1 0 0 
12 17 4 0 0 0 0 0 0 0 
11 17 4 0 0 0 0 1 0 0 
11 17 4 0 0 0 0 1 0 0 
10 17 3 0 0 0 0 0 1 0 
9 17 3 0 0 0 0 0 2 0 
9 17 3 0 0 0 0 2 0 0 
9 17 3 6 0 0 2 0 0 0 
13 21 3 0 0 0 0 0 0 0 
13 21 3 0 0 0 0 0 0 0 
14 18 3 0 0 0 0 0 0 0 
12 18 2 0 0 0 0 0 0 0 
10 16 4 0 0 0 0 0 0 0 
10 16 4 0 0 0 0 0 0 0 
10 16 4 0 0 0 0 0 0 0 
12 20 4 0 0 0 0 0 0 0 
11 17 3 0 0 0 0 0 0 0 
