1 6 7 8 9 16 17 35 
16 18 1 2 1 1 0 0 
14 17 1 2 1 1 0 0 
14 17 1 2 1 1 0 0 
17 18 1 2 0 1 0 0 
16 19 1 2 3 1 0 0 
19 19 1 2 0 1 0 0 
19 20 1 3 0 1 0 0 
15 18 1 2 2 1 0 0 
18 19 1 2 1 1 0 0 
17 18 1 4 0 2 0 0 
19 19 1 4 0 2 0 0 
19 23 1 4 0 2 0 0 
16 18 1 4 0 2 1 0 
13 16 2 2 1 1 0 0 
18 18 2 4 0 2 0 0 
20 19 2 4 0 2 0 0 
18 20 1 4 1 1 0 0 
13 18 1 2 4 1 0 0 
15 20 1 3 4 1 0 0 
18 20 1 3 1 1 0 0 
20 25 1 3 1 1 0 0 
15 19 1 4 4 2 0 0 
16 19 1 3 1 1 0 0 
15 19 2 2 1 1 0 0 
15 18 1 2 1 1 0 1 
15 18 1 2 1 1 1 0 
23 21 2 2 1 1 0 0 
20 21 1 4 1 1 0 0 
18 19 1 3 1 1 0 0 
21 25 1 3 1 1 1 0 
21 25 1 3 1 1 1 0 
17 20 1 3 4 1 0 0 
17 20 1 2 4 1 0 0 
20 26 1 3 4 1 1 0 
22 18 1 2 1 1 0 0 
15 17 2 2 0 1 1 0 
12 17 2 2 3 1 1 0 
12 17 2 2 4 1 0 0 
13 17 2 2 3 1 0 0 
15 18 2 2 3 1 0 0 
15 18 2 3 3 1 0 0 
16 18 3 2 3 1 0 0 
18 19 3 2 3 1 0 0 
15 18 2 2 3 2 0 0 
15 18 2 3 3 2 0 0 
15 18 2 4 3 2 0 0 
11 16 3 2 3 1 1 0 
11 16 3 2 4 1 0 0 
12 16 3 2 3 1 0 0 
14 17 3 2 3 1 0 0 
12 17 2 2 3 1 1 0 
12 17 2 2 4 1 0 0 
12 17 2 2 3 1 0 1 
15 18 2 2 3 1 0 0 
12 18 2 2 6 1 0 0 
15 18 2 3 3 1 0 0 
15 18 2 2 3 2 0 0 
17 19 2 3 3 1 0 0 
18 19 3 2 3 1 0 0 
16 18 3 2 3 1 0 0 
14 17 3 2 3 1 0 0 
12 17 3 4 3 1 0 0 
11 16 3 2 3 1 1 0 
11 16 3 2 4 1 0 0 
11 16 3 2 3 1 0 1 
14 17 3 2 3 1 0 0 
12 17 2 2 3 1 1 0 
12 17 2 2 4 1 0 0 
15 18 2 2 3 1 0 0 
15 18 2 3 3 1 0 0 
11 16 3 2 4 1 0 0 
14 17 3 2 3 1 0 0 
14 18 2 3 4 1 0 0 
14 18 2 3 3 1 1 0 
14 18 2 2 3 2 1 0 
17 19 3 2 3 1 1 0 
17 19 3 2 4 1 0 0 
15 18 3 2 3 1 1 0 
14 18 2 2 3 1 1 0 
14 18 2 2 4 1 0 0 
14 18 2 2 4 1 0 0 
14 18 2 2 3 1 1 0 
14 18 2 3 3 1 1 0 
17 19 3 2 3 1 1 0 
13 18 2 4 3 1 0 0 
11 17 2 2 5 1 0 0 
17 19 2 2 3 1 0 0 
14 18 2 2 3 1 1 0 
14 18 2 2 4 1 0 0 
14 18 2 3 4 1 0 0 
11 18 2 2 7 1 0 0 
11 17 2 2 3 1 2 0 
14 18 2 2 4 1 0 0 
14 18 2 2 3 1 1 0 
13 17 3 3 4 1 0 0 
13 17 3 3 3 1 1 0 
13 17 3 3 3 1 0 1 
13 17 3 2 3 2 1 0 
13 17 3 2 3 1 1 0 
13 17 3 3 3 1 1 0 
10 16 3 2 5 1 0 0 
13 17 3 2 3 1 1 0 
13 17 3 2 4 1 0 0 
13 17 3 3 3 1 1 0 
13 18 2 3 5 1 0 0 
13 18 2 3 3 1 2 0 
13 18 2 3 3 1 0 2 
19 20 2 3 3 1 0 0 
19 20 2 3 3 1 0 0 
16 19 3 2 3 1 2 0 
12 17 3 3 5 1 0 0 
13 16 2 2 0 1 1 0 
13 17 2 2 2 1 1 0 
14 17 2 2 1 1 1 0 
13 17 2 3 0 1 1 0 
12 17 3 2 0 1 1 0 
17 19 2 4 0 1 1 0 
13 17 2 4 0 1 1 0 
22 21 3 4 0 1 1 0 
16 17 3 2 0 1 1 0 
17 22 2 2 0 1 1 0 
18 23 2 3 0 1 2 0 
18 23 2 2 0 2 2 0 
17 18 2 3 0 1 1 0 
15 17 2 3 0 1 1 0 
17 18 2 2 0 2 1 0 
17 18 2 4 0 2 1 0 
14 18 3 2 0 1 1 0 
12 16 3 2 3 1 0 0 
14 17 3 2 3 1 0 0 
14 17 3 2 3 1 0 0 
14 17 3 2 3 1 0 0 
14 17 3 2 3 1 0 0 
14 17 3 3 3 1 0 0 
14 17 3 3 3 1 0 0 
11 16 3 2 3 1 0 1 
11 15 4 2 3 1 0 0 
13 16 4 2 3 1 0 0 
13 16 4 2 3 1 0 0 
13 16 4 2 3 1 0 0 
13 16 4 2 3 1 0 0 
13 16 4 3 3 1 0 0 
10 15 4 2 3 1 0 1 
13 16 3 2 2 1 0 0 
12 16 4 2 0 1 0 0 
15 16 3 2 0 1 0 0 
17 18 3 4 0 1 0 0 
15 16 3 3 0 1 0 0 
12 15 4 2 2 1 0 0 
14 17 3 2 3 1 0 0 
14 17 3 2 3 1 0 0 
14 17 3 2 3 1 0 0 
14 17 3 2 3 1 0 0 
13 16 4 2 3 1 0 0 
13 16 4 2 3 1 0 0 
13 16 4 2 3 1 0 0 
13 16 4 2 3 1 0 0 
14 20 3 2 3 1 0 0 
14 20 3 2 3 1 0 0 
14 20 3 2 3 1 0 0 
16 20 3 2 3 1 0 0 
13 18 2 4 3 1 0 0 
13 18 2 4 3 1 0 0 
11 15 2 2 3 2 0 0 
11 15 2 2 3 2 0 0 
10 14 3 2 3 2 0 0 
10 15 2 2 3 2 0 1 
13 16 2 2 3 2 0 0 
12 15 3 2 3 2 0 0 
11 14 4 2 3 2 0 0 
11 14 4 2 3 2 0 0 
11 14 4 2 3 2 0 0 
12 15 3 3 3 1 0 0 
11 14 4 3 3 1 0 0 
17 18 0 2 1 1 0 0 
20 19 0 3 0 1 0 0 
17 18 0 2 0 1 1 0 
20 19 0 2 0 1 0 0 
18 18 0 2 0 1 0 0 
17 19 0 2 3 1 0 0 
16 18 0 2 0 1 2 0 
17 19 1 2 0 1 0 0 
20 19 0 3 0 1 0 0 
22 20 0 3 0 1 0 0 
20 19 0 2 0 2 0 0 
19 19 0 2 1 1 0 0 
21 20 0 2 1 1 0 0 
21 20 0 2 0 1 1 0 
15 20 0 2 7 1 0 0 
25 22 0 2 1 1 0 0 
19 20 0 2 3 1 0 0 
16 18 0 2 2 1 0 0 
16 18 0 2 1 1 1 0 
16 19 0 2 4 1 0 0 
15 18 0 2 3 1 0 0 
16 18 0 2 0 1 2 0 
19 19 0 3 1 1 0 0 
19 19 0 3 0 1 1 0 
18 19 0 3 0 1 2 0 
18 19 0 4 0 1 0 0 
22 20 1 2 0 1 1 0 
16 19 0 2 4 1 0 0 
16 17 1 2 1 1 0 0 
15 17 1 2 2 1 0 0 
15 17 1 2 1 1 1 0 
14 17 1 2 3 1 0 0 
16 17 1 2 0 1 1 0 
15 17 1 2 0 1 2 0 
19 18 1 3 0 1 0 0 
18 18 1 3 1 1 0 0 
18 18 1 3 0 1 1 0 
17 18 1 3 0 1 2 0 
17 18 1 4 0 1 0 0 
21 19 2 2 0 1 1 0 
16 18 1 2 3 1 0 0 
15 18 1 2 4 1 0 0 
15 19 0 2 1 1 0 0 
14 19 0 2 1 1 1 0 
15 19 0 2 0 1 1 0 
17 20 0 3 1 1 0 0 
17 20 0 3 0 1 1 0 
14 18 1 2 1 1 0 0 
13 18 1 2 1 1 1 0 
14 18 1 2 0 1 1 0 
16 19 1 3 1 1 0 0 
16 19 1 3 0 1 1 0 
13 19 0 2 3 1 0 0 
12 19 0 2 3 1 1 0 
15 20 0 2 3 1 0 0 
15 20 0 3 3 1 0 0 
15 20 0 3 2 1 1 0 
14 20 0 3 2 1 2 0 
18 21 0 3 2 1 0 0 
18 21 0 4 2 1 0 0 
16 21 0 4 2 1 0 0 
14 20 0 4 2 1 0 0 
16 20 0 2 2 1 0 0 
15 20 0 2 2 1 1 0 
18 21 0 2 2 1 0 0 
15 20 0 2 2 1 1 0 
18 21 1 2 2 1 1 0 
12 18 1 2 3 1 0 0 
11 18 1 2 3 1 1 0 
14 19 1 2 3 1 0 0 
14 19 1 3 3 1 0 0 
14 19 1 3 2 1 1 0 
13 19 1 3 2 1 2 0 
17 20 1 3 2 1 0 0 
17 20 1 4 2 1 0 0 
15 20 1 4 2 1 0 0 
13 19 1 4 2 1 0 0 
15 19 1 2 2 1 0 0 
14 19 1 2 2 1 1 0 
17 20 1 2 2 1 0 0 
14 19 1 2 2 1 1 0 
17 20 2 2 2 1 1 0 
13 19 0 2 1 1 2 0 
15 20 0 4 1 1 0 0 
11 19 0 2 5 1 0 0 
17 23 0 2 1 1 0 0 
15 19 1 2 2 1 0 0 
14 18 2 2 2 1 0 0 
15 19 1 2 2 1 0 0 
14 18 2 2 2 1 0 0 
12 16 3 2 3 1 0 0 
11 16 3 2 4 1 0 0 
11 16 3 2 4 1 0 0 
11 16 3 2 4 1 0 0 
11 16 3 2 3 1 1 0 
11 16 3 2 3 1 1 0 
14 17 3 2 3 1 0 0 
14 17 3 2 3 1 0 0 
14 17 3 2 3 1 0 0 
16 18 3 2 3 1 0 0 
11 17 3 2 6 1 0 0 
11 16 4 4 3 1 0 0 
12 16 3 3 3 1 0 0 
14 17 3 3 3 1 0 0 
14 17 3 3 3 1 0 0 
16 18 3 3 3 1 0 0 
14 17 3 2 3 2 0 0 
13 16 4 2 3 1 0 0 
17 18 4 2 3 1 0 0 
15 17 4 2 3 1 0 0 
17 18 4 2 3 1 0 0 
14 17 3 3 3 1 0 0 
12 17 3 4 3 1 0 0 
16 18 3 3 3 1 0 0 
18 19 3 3 3 1 0 0 
16 18 3 4 3 1 0 0 
16 18 3 2 3 2 0 0 
16 18 4 2 4 1 0 0 
14 17 4 2 3 1 1 0 
15 18 3 3 3 1 1 0 
10 16 3 2 3 1 2 0 
10 16 3 2 3 1 2 0 
10 16 3 2 3 1 2 0 
16 18 3 2 3 1 0 0 
12 16 3 2 2 1 1 0 
13 17 3 2 4 1 0 0 
15 17 3 2 2 1 0 0 
12 17 4 2 2 1 0 0 
15 17 3 4 2 2 0 0 
14 17 4 3 2 1 0 0 
13 17 3 4 2 1 0 0 
15 17 3 3 2 1 0 0 
14 17 3 3 3 1 0 0 
14 17 3 3 2 1 1 0 
13 17 3 3 2 1 2 0 
13 17 3 3 4 1 0 0 
17 18 3 2 2 1 0 0 
13 16 3 2 2 1 0 0 
14 17 3 4 1 1 0 0 
15 16 3 2 0 1 0 0 
18 22 3 3 0 1 1 0 
13 19 3 2 0 2 2 0 
12 16 3 4 1 1 0 0 
13 16 4 4 1 1 0 0 
16 22 4 3 1 1 1 0 
11 16 4 2 1 1 0 0 
14 16 3 3 0 1 1 0 
20 23 3 3 0 1 1 0 
14 16 3 2 1 1 0 0 
13 17 4 2 0 1 1 0 
15 16 3 3 0 1 0 0 
10 16 3 2 3 1 2 0 
14 16 3 2 0 1 1 0 
13 16 3 3 0 1 2 0 
10 16 4 2 0 1 2 0 
11 16 3 4 0 1 2 0 
13 17 3 4 0 1 2 0 
12 16 4 3 0 1 2 0 
12 15 3 2 0 1 1 0 
11 15 3 2 0 1 1 1 
12 15 3 2 1 1 0 0 
12 15 3 2 1 1 0 0 
15 16 3 2 0 1 0 0 
14 17 4 2 0 1 0 0 
12 15 4 4 0 1 0 0 
14 16 3 4 0 2 1 0 
14 15 4 2 0 1 0 0 
11 16 3 2 4 1 0 0 
13 17 3 2 3 1 1 0 
15 18 3 2 3 1 1 0 
17 19 3 2 4 1 0 0 
14 17 3 3 3 1 0 0 
12 16 3 3 3 1 0 0 
11 16 3 2 4 1 0 0 
14 17 3 3 3 1 0 0 
15 18 3 2 4 1 0 0 
13 17 3 2 4 1 0 0 
9 16 3 2 4 0 0 0 
9 18 2 1 7 0 0 0 
11 16 2 0 3 0 0 0 
9 16 2 0 3 0 2 0 
15 18 2 2 3 0 0 0 
12 17 2 1 3 0 1 0 
12 17 2 1 3 0 1 0 
12 17 2 2 4 1 0 0 
14 17 3 2 3 1 0 0 
11 15 4 2 3 1 0 0 
11 15 4 2 3 1 0 0 
11 15 4 2 3 1 0 0 
9 14 3 2 3 2 0 1 
9 14 3 2 3 2 1 0 
12 18 3 2 3 2 0 0 
12 18 3 3 3 1 0 0 
16 16 3 2 3 1 0 0 
16 19 3 2 3 1 0 0 
16 19 3 2 3 2 0 0 
14 18 3 3 3 1 0 0 
14 18 3 4 3 1 0 0 
13 15 3 3 2 1 0 0 
13 17 3 4 2 1 0 0 
19 20 0 2 1 1 0 0 
21 21 0 3 0 1 1 0 
20 20 1 3 0 1 1 0 
18 19 1 2 1 1 0 0 
19 20 0 2 0 1 1 0 
18 19 1 2 0 1 1 0 
22 21 0 2 0 1 0 0 
22 21 0 3 0 1 0 0 
21 20 1 3 0 1 0 0 
19 21 0 3 3 1 0 0 
18 20 1 3 3 1 0 0 
19 21 0 2 3 1 0 0 
18 20 1 2 3 1 0 0 
21 21 0 3 1 1 0 0 
20 20 1 3 1 1 0 0 
21 21 0 3 0 1 0 1 
20 20 1 3 0 1 0 1 
20 21 0 4 0 1 0 0 
18 20 0 2 2 1 0 0 
17 19 1 2 2 1 0 0 
18 20 0 2 0 1 2 0 
17 19 1 2 0 1 2 0 
18 20 0 2 1 1 1 0 
17 19 1 2 1 1 1 0 
18 20 0 2 2 1 0 0 
18 20 0 2 0 1 2 0 
20 21 0 3 0 1 2 0 
19 20 1 3 0 1 2 0 
21 21 0 2 1 1 0 0 
23 22 0 2 1 1 0 0 
25 23 0 2 1 1 0 0 
17 20 0 2 1 1 0 0 
19 21 0 3 0 1 1 0 
14 16 2 3 0 1 0 0 
14 16 2 4 0 1 0 0 
12 17 0 2 1 2 0 1 
11 17 1 2 4 2 0 0 
14 17 1 2 1 2 0 0 
16 22 1 2 1 2 0 0 
11 17 1 2 4 2 0 0 
14 17 1 2 1 2 0 0 
16 22 1 2 1 2 0 0 
16 18 1 2 1 2 0 0 
20 20 1 2 1 2 0 0 
16 19 1 4 1 2 0 0 
13 18 2 2 1 2 0 0 
18 23 1 2 1 2 0 0 
20 24 1 2 1 2 0 0 
22 25 1 2 1 2 0 0 
21 25 1 2 1 2 0 1 
15 22 1 2 1 2 1 0 
15 22 1 2 1 2 1 0 
18 23 1 3 1 2 0 0 
14 20 1 2 1 3 0 0 
15 21 2 2 1 2 0 0 
15 21 2 2 1 2 0 0 
24 26 1 2 1 2 0 0 
16 22 1 2 0 2 1 0 
15 22 1 2 1 2 1 0 
15 22 1 2 1 2 1 0 
14 22 1 2 2 2 1 0 
14 22 1 2 2 2 1 0 
14 21 2 2 1 2 1 0 
15 22 2 3 1 2 2 0 
14 16 2 2 0 2 0 0 
13 16 2 2 0 2 1 0 
13 16 2 2 0 2 0 1 
14 16 2 2 0 2 0 0 
13 16 2 2 0 2 1 0 
20 23 3 3 1 2 0 0 
16 22 2 3 1 2 1 0 
15 17 2 3 1 2 0 0 
16 20 1 2 0 3 1 0 
16 20 1 2 0 3 1 0 
13 16 2 2 1 1 0 0 
12 17 2 2 4 1 0 0 
17 19 2 2 1 1 0 0 
21 24 2 2 1 1 0 0 
16 20 2 2 4 1 0 0 
20 25 2 2 4 1 0 0 
16 19 2 2 4 1 0 0 
18 21 2 4 4 1 0 0 
19 25 3 3 4 1 0 0 
15 18 3 2 4 1 0 0 
17 22 0 2 1 1 0 0 
15 21 0 3 1 1 0 0 
16 21 1 2 1 1 0 0 
14 20 1 3 1 1 0 0 
17 22 0 4 1 1 0 0 
16 21 1 4 1 1 0 0 
17 22 0 4 0 1 1 0 
16 21 1 4 0 1 1 0 
13 17 2 2 1 1 0 0 
