1 6 7 8 9 16 17 35 53 
13 12 4 0 0 0 1 0 0 
12 12 4 0 0 0 2 0 0 
10 11 4 0 0 0 2 0 0 
14 13 4 1 0 0 2 0 0 
14 17 5 3 0 0 1 0 0 
16 19 4 0 0 0 2 0 0 
14 17 4 1 0 0 2 0 0 
16 21 4 1 0 0 2 0 0 
16 22 4 0 0 0 2 0 0 
10 12 5 0 0 0 1 0 0 
8 11 4 0 3 0 1 0 0 
15 17 6 2 0 0 1 0 0 
12 12 5 2 0 0 1 0 0 
12 12 7 0 0 0 1 0 0 
22 17 6 2 0 0 0 0 0 
12 12 6 0 0 0 1 0 0 
18 14 7 0 0 0 1 0 0 
19 15 6 0 0 0 1 0 0 
23 17 5 0 0 0 0 0 0 
22 20 6 2 0 0 0 0 0 
24 20 6 0 0 0 0 0 0 
24 21 6 2 0 0 0 0 0 
19 19 5 2 0 0 0 0 0 
17 14 4 4 0 2 1 0 0 
26 23 7 2 0 0 1 0 0 
20 21 7 0 0 0 1 0 0 
18 20 7 0 0 0 1 0 0 
14 14 7 0 0 0 1 0 0 
23 21 7 0 0 0 1 0 0 
18 19 5 1 0 0 1 0 0 
24 22 5 4 0 0 1 0 0 
20 19 5 0 0 0 1 0 0 
28 23 5 3 0 0 1 0 0 
20 19 6 2 0 0 0 0 0 
22 20 6 2 0 0 0 0 0 
12 12 5 2 0 0 1 0 0 
20 20 6 4 0 0 0 0 0 
22 21 6 4 0 0 0 0 0 
25 22 7 3 0 0 0 0 0 
29 25 7 3 0 0 0 0 0 
24 22 6 4 0 0 0 0 0 
21 20 7 3 0 0 0 0 0 
23 21 7 3 0 0 0 0 0 
29 25 7 3 0 0 0 0 0 
25 22 7 3 0 0 0 0 0 
18 14 7 0 0 0 1 0 0 
19 15 6 0 0 0 1 0 0 
16 13 7 0 0 0 1 0 0 
20 15 7 0 0 0 1 0 0 
22 16 7 0 0 0 1 0 0 
22 20 7 0 0 0 1 0 0 
29 19 8 0 0 0 1 0 0 
22 16 7 0 0 0 1 0 0 
30 20 7 0 0 0 1 0 0 
20 16 7 0 0 0 1 0 0 
22 17 7 0 0 0 1 0 0 
23 17 8 0 0 0 1 0 0 
22 17 7 1 0 0 1 0 0 
20 16 7 1 0 0 1 0 0 
20 15 7 1 0 0 1 0 0 
22 16 7 1 0 0 1 0 0 
24 17 7 1 0 0 1 0 0 
26 18 7 1 0 0 1 0 0 
24 21 7 1 0 0 1 0 0 
22 16 7 2 0 0 1 0 0 
26 18 7 2 0 0 1 0 0 
22 17 7 2 0 0 1 0 0 
22 21 7 0 0 0 1 0 0 
26 23 7 2 0 0 1 0 0 
30 25 7 4 0 0 1 0 0 
30 25 7 4 0 0 1 0 0 
32 26 7 5 0 0 1 0 0 
25 23 7 2 1 0 1 0 0 
25 23 7 2 1 0 1 0 0 
25 23 7 2 1 0 1 0 0 
25 23 7 2 0 0 2 0 0 
25 23 7 2 0 0 2 0 0 
25 23 7 2 0 0 2 0 0 
28 24 7 2 0 0 1 0 0 
28 24 7 2 0 0 1 0 0 
28 24 7 2 0 0 1 0 0 
25 24 7 2 3 0 1 0 0 
25 23 8 4 0 0 1 0 0 
28 27 7 2 0 0 1 0 0 
28 27 7 2 0 0 1 0 0 
25 22 8 2 0 0 1 0 0 
25 23 8 4 0 0 1 0 0 
26 22 7 1 0 0 1 0 0 
26 22 7 1 0 0 1 0 0 
26 22 7 1 0 0 1 0 0 
28 24 7 2 0 0 1 0 0 
30 25 7 2 0 0 1 0 0 
28 28 7 2 0 0 1 0 0 
28 24 7 3 0 0 1 0 0 
15 12 5 2 0 0 0 0 0 
13 11 5 0 0 0 2 0 0 
19 13 5 0 0 0 0 0 0 
17 15 5 0 0 0 0 0 0 
25 21 5 0 0 0 2 0 0 
25 21 5 0 0 0 2 0 0 
26 20 6 2 0 0 0 0 0 
22 18 6 1 0 0 0 0 0 
24 19 6 2 0 0 0 0 0 
23 20 6 3 1 1 0 0 0 
14 12 6 0 0 0 0 0 0 
21 19 6 4 1 1 0 0 0 
22 19 6 5 1 2 1 0 0 
27 21 5 0 0 0 0 0 0 
23 19 5 0 0 0 0 0 0 
23 19 5 0 0 0 0 0 0 
27 21 5 1 0 0 0 0 0 
16 11 6 0 0 0 0 0 0 
21 19 6 2 0 0 1 0 0 
22 19 6 1 0 0 0 0 0 
21 14 5 3 0 0 0 0 0 
26 22 6 0 0 0 0 0 0 
13 13 5 0 6 0 0 0 0 
19 13 5 2 0 0 0 0 0 
21 14 5 3 0 0 0 0 0 
19 13 5 2 0 0 0 0 0 
19 13 5 2 0 0 0 0 0 
21 14 5 3 0 0 0 0 0 
16 15 5 0 0 0 1 0 0 
15 15 5 0 0 0 2 0 0 
15 15 5 0 0 0 2 0 0 
14 13 4 1 0 0 0 0 0 
16 14 4 0 0 0 0 0 0 
10 12 4 0 0 0 2 0 0 
9 12 4 0 0 0 1 0 0 
12 13 4 0 0 0 0 0 0 
15 12 5 0 0 0 0 0 0 
17 13 5 0 0 0 0 0 0 
15 12 5 0 0 1 0 0 0 
17 17 5 0 0 0 0 0 0 
13 11 5 0 0 0 0 0 0 
17 16 5 1 0 0 0 0 0 
23 19 5 4 0 0 0 0 0 
21 18 5 3 0 0 0 0 0 
15 16 5 1 0 0 2 0 0 
15 16 5 1 0 0 2 0 0 
15 16 5 1 0 0 2 0 0 
24 22 6 6 0 0 0 0 0 
22 20 8 5 0 0 0 0 0 
20 20 8 5 0 0 2 0 0 
18 18 8 5 0 0 0 0 0 
20 20 8 5 0 0 1 1 0 
21 20 8 5 0 0 0 1 0 
21 20 8 5 1 0 0 0 0 
22 20 8 5 0 0 0 0 0 
27 21 9 3 0 0 0 0 0 
15 15 7 2 0 0 0 0 0 
21 20 8 5 0 0 0 0 1 
20 20 8 5 2 0 0 0 0 
19 17 7 2 0 0 0 0 0 
21 21 8 5 3 0 0 0 0 
24 21 8 6 0 0 0 0 0 
24 21 8 5 0 0 0 0 0 
14 14 8 1 0 0 0 0 0 
15 14 7 0 0 0 0 0 0 
16 15 8 1 0 0 0 0 0 
15 15 7 1 0 0 0 0 0 
18 16 8 1 0 0 0 0 0 
20 17 8 1 0 0 0 0 0 
12 13 6 0 0 1 0 0 0 
15 17 7 0 0 0 0 0 0 
14 17 6 0 0 1 0 0 0 
14 14 6 0 0 1 0 0 0 
14 14 6 0 0 1 0 0 0 
14 14 6 1 0 1 0 0 0 
16 15 6 2 0 1 0 0 0 
11 13 6 0 0 1 1 0 0 
11 13 6 0 0 1 1 0 0 
12 13 7 0 0 0 1 0 0 
17 15 7 1 0 0 0 0 0 
17 15 7 1 0 0 0 0 0 
17 15 7 2 0 0 0 0 0 
19 16 7 2 0 0 0 0 0 
17 15 7 2 0 0 0 0 0 
19 16 7 3 0 0 0 0 0 
14 15 7 1 3 0 0 0 0 
14 15 7 1 3 0 0 0 0 
16 18 6 0 0 0 0 0 0 
18 16 6 2 0 0 0 0 0 
12 14 6 2 0 0 0 0 0 
14 14 6 1 0 1 0 0 0 
14 15 6 2 0 0 0 0 0 
12 15 6 2 0 0 0 0 0 
8 7 6 0 0 0 0 0 0 
24 24 8 5 0 0 0 0 0 
12 13 6 0 0 1 0 0 0 
13 13 7 0 0 0 0 0 0 
12 13 6 1 0 0 0 0 0 
15 17 7 0 0 0 0 0 0 
34 28 6 0 0 0 0 0 0 
16 22 6 0 6 0 0 0 0 
16 20 6 0 0 0 2 0 0 
14 20 6 0 0 0 4 0 0 
22 22 6 0 0 0 0 0 0 
26 24 6 0 0 0 0 0 0 
30 20 6 0 0 0 0 0 0 
22 28 6 0 0 0 0 0 0 
10 14 6 0 0 0 0 0 0 
22 14 6 0 0 0 0 0 0 
18 12 6 0 0 0 0 0 0 
14 10 6 0 0 0 0 0 0 
26 16 6 0 0 0 0 0 0 
16 15 6 1 0 0 0 0 0 
30 20 6 0 0 0 0 0 0 
30 18 6 0 0 0 0 0 0 
19 21 7 0 0 0 0 0 0 
15 19 7 1 0 0 0 0 0 
17 19 7 0 0 0 0 0 0 
17 20 7 0 0 0 0 0 0 
15 19 7 0 0 1 0 0 0 
15 19 7 0 0 0 0 0 0 
17 21 7 0 0 0 0 0 0 
8 7 6 1 0 0 0 0 0 
22 21 6 5 0 0 0 0 0 
23 19 5 3 0 0 0 0 0 
24 22 6 5 0 0 0 0 0 
21 21 6 5 0 0 1 0 0 
24 22 6 5 0 0 0 0 0 
20 18 4 2 0 0 0 0 0 
18 17 5 2 0 0 1 0 0 
20 18 5 3 0 0 1 0 0 
22 19 5 3 0 0 1 0 0 
18 17 5 2 0 0 1 0 0 
20 18 5 2 0 0 1 0 0 
22 19 5 2 0 0 1 0 0 
20 18 5 3 0 0 1 0 0 
22 19 5 3 0 0 1 0 0 
24 20 5 3 0 0 1 0 0 
22 19 5 3 0 0 1 0 0 
18 17 5 2 0 0 1 0 0 
20 18 5 3 0 0 1 0 0 
22 19 5 3 0 0 1 0 0 
17 19 5 0 0 0 0 0 0 
14 15 5 0 0 0 1 0 0 
16 16 5 0 0 0 1 0 0 
19 17 5 2 0 0 0 0 0 
19 17 5 2 0 0 0 0 0 
19 17 5 2 0 0 0 0 0 
15 15 5 0 0 0 0 0 0 
21 18 5 3 0 0 0 0 0 
21 18 5 3 0 0 0 0 0 
21 18 5 3 0 0 0 0 0 
21 18 5 3 0 0 0 0 0 
17 19 5 0 0 0 0 0 0 
14 16 4 2 0 0 0 0 0 
14 16 4 2 0 0 0 0 0 
20 19 4 5 0 0 0 0 0 
18 18 4 4 0 0 0 0 0 
20 19 4 5 0 0 0 0 0 
18 18 4 4 0 0 0 0 0 
19 18 5 3 0 0 1 1 0 
20 18 5 3 0 0 0 1 0 
21 18 5 2 0 0 0 0 0 
21 18 5 2 0 0 0 0 0 
21 18 5 2 0 0 0 0 0 
23 19 5 3 0 0 0 0 0 
19 20 5 0 0 0 0 0 0 
18 18 4 4 0 0 0 0 0 
14 17 4 4 0 0 0 0 0 
15 15 5 0 0 0 0 0 0 
17 16 5 0 0 0 0 0 0 
10 9 4 0 0 0 0 0 0 
7 9 4 0 3 0 0 0 0 
7 8 4 0 1 0 0 0 0 
7 8 4 0 0 0 1 0 0 
7 8 4 0 0 0 0 1 0 
7 8 4 0 0 0 0 0 1 
10 9 4 1 0 0 0 0 0 
12 10 4 1 0 0 0 0 0 
14 11 4 1 0 0 0 0 0 
9 10 4 1 3 0 0 0 0 
9 11 4 1 5 0 0 0 0 
9 12 4 1 7 0 0 0 0 
10 9 4 0 0 1 0 0 0 
10 9 4 0 0 0 0 0 0 
7 9 4 0 3 0 0 0 0 
7 8 4 0 1 0 0 0 0 
7 8 4 0 0 0 1 0 0 
7 8 4 0 0 0 0 1 0 
7 8 4 0 0 0 0 0 1 
10 9 4 1 0 0 0 0 0 
10 9 4 0 0 0 0 0 0 
7 9 4 0 3 0 0 0 0 
7 8 4 0 1 0 0 0 0 
7 8 4 0 0 0 1 0 0 
7 8 4 0 0 0 0 1 0 
6 8 4 0 0 0 2 0 0 
6 8 4 0 0 0 1 1 0 
12 10 4 0 0 0 0 0 0 
12 16 4 0 0 0 0 0 0 
14 16 4 0 0 0 0 0 0 
16 16 4 0 0 0 0 0 0 
19 17 5 2 0 0 0 0 0 
21 18 5 2 0 0 0 0 0 
20 18 4 2 0 0 0 0 0 
16 18 4 2 0 0 0 0 0 
21 18 5 3 0 0 0 0 0 
23 19 5 3 0 0 0 0 0 
22 19 4 3 0 0 0 0 0 
19 23 5 0 0 0 0 0 0 
21 23 5 0 0 0 0 0 0 
8 9 4 2 0 0 0 0 0 
10 9 4 1 0 0 0 0 0 
25 18 5 3 0 0 0 0 0 
27 19 5 3 0 0 0 0 0 
25 20 5 3 0 0 0 0 0 
23 17 5 2 0 0 0 0 0 
25 18 5 2 0 0 0 0 0 
27 19 5 2 0 0 0 0 0 
27 19 5 2 0 0 0 0 0 
29 20 5 2 0 0 0 0 0 
17 15 5 0 0 0 2 0 0 
19 16 5 0 0 0 2 0 0 
17 15 5 0 0 0 2 0 0 
17 15 5 0 0 0 2 0 0 
18 15 5 0 0 0 1 0 0 
20 16 5 0 0 0 1 0 0 
18 15 5 0 0 0 0 1 0 
27 19 5 3 0 0 0 0 0 
29 20 5 3 0 0 0 0 0 
21 17 5 0 0 0 0 0 0 
21 19 5 0 0 0 0 0 0 
23 20 5 0 0 0 0 0 0 
18 15 4 0 0 0 0 0 0 
20 16 4 0 0 0 0 0 0 
20 16 4 0 0 0 0 0 0 
20 16 4 1 0 0 0 0 0 
20 16 4 1 0 0 0 0 0 
20 16 4 1 0 0 0 0 0 
17 16 4 0 3 0 0 0 0 
17 16 4 1 3 0 0 0 0 
17 16 4 1 3 0 0 0 0 
22 17 4 2 0 0 0 0 0 
22 17 4 2 0 0 0 0 0 
24 18 4 3 0 0 0 0 0 
16 15 4 0 0 0 2 0 0 
16 10 4 0 0 0 0 0 0 
20 12 4 0 0 0 0 0 0 
16 14 4 0 0 0 0 0 0 
16 13 4 0 0 1 0 0 0 
16 13 4 0 0 1 0 0 0 
20 13 4 1 0 0 0 0 0 
13 14 5 0 0 1 0 0 0 
15 18 5 0 0 1 0 0 0 
15 18 5 0 0 1 0 0 0 
18 16 6 2 0 0 0 0 0 
20 17 6 3 0 0 0 0 0 
22 18 6 3 0 0 0 0 0 
15 15 6 0 0 0 1 0 0 
15 15 6 0 0 0 1 0 0 
14 15 6 0 0 0 2 0 0 
13 14 5 0 0 1 0 0 0 
14 14 6 0 0 0 0 0 0 
16 15 6 0 0 0 0 0 0 
16 15 6 1 0 0 0 0 0 
18 16 6 1 0 0 0 0 0 
16 15 6 1 0 0 0 0 0 
18 16 6 1 0 0 0 0 0 
16 15 6 1 0 0 0 0 0 
18 16 6 1 0 0 0 0 0 
13 14 6 0 0 0 1 0 0 
15 15 6 0 0 0 1 0 0 
13 14 6 0 0 0 1 0 0 
18 16 6 2 0 0 0 0 0 
20 17 6 2 0 0 0 0 0 
18 16 6 2 0 0 0 0 0 
20 17 6 2 0 0 0 0 0 
18 16 6 2 0 0 0 0 0 
20 17 6 2 0 0 0 0 0 
12 14 6 0 0 0 2 0 0 
14 15 6 0 0 0 2 0 0 
12 14 6 0 0 0 2 0 0 
14 15 6 0 0 0 2 0 0 
12 14 6 0 0 0 2 0 0 
14 15 6 0 0 0 2 0 0 
12 14 6 0 0 0 2 0 0 
14 15 6 0 0 0 2 0 0 
20 17 6 3 0 0 0 0 0 
11 14 6 0 0 0 3 0 0 
13 15 6 0 0 0 3 0 0 
11 14 6 0 0 0 3 0 0 
13 15 6 0 0 0 3 0 0 
15 18 5 0 0 1 0 0 0 
15 18 5 0 0 1 0 0 0 
16 18 6 0 0 0 0 0 0 
16 18 6 0 0 0 0 0 0 
18 19 6 0 0 0 0 0 0 
18 19 6 0 0 0 0 0 0 
16 16 6 1 0 0 0 0 0 
18 17 6 1 0 0 0 0 0 
16 18 6 1 0 0 0 0 0 
15 17 6 1 3 0 0 0 0 
13 18 6 1 3 0 0 0 0 
13 14 5 1 0 1 0 0 0 
13 14 5 1 0 1 0 0 0 
15 15 5 2 0 1 0 0 0 
13 14 5 3 0 1 0 0 0 
13 14 5 3 0 1 0 0 0 
15 15 5 4 0 1 0 0 0 
14 14 6 1 0 0 0 0 0 
14 14 6 1 0 0 0 0 0 
16 15 6 2 0 0 0 0 0 
16 15 6 1 0 0 0 0 0 
18 16 6 2 0 0 0 0 0 
16 15 6 2 0 0 0 0 0 
18 16 6 2 0 0 0 0 0 
18 16 6 3 0 0 0 0 0 
20 17 6 3 0 0 0 0 0 
16 18 6 0 0 0 0 0 0 
14 17 6 0 0 0 0 0 0 
16 18 6 0 0 0 0 0 0 
12 13 6 0 0 0 0 0 0 
14 14 6 0 0 0 0 0 0 
11 13 6 0 0 0 1 0 0 
20 17 6 3 0 0 0 0 0 
18 22 6 0 0 0 0 0 0 
13 14 5 0 0 1 0 0 0 
15 18 5 0 0 1 0 0 0 
15 18 5 0 0 1 0 0 0 
11 14 5 0 0 1 2 0 0 
11 14 5 0 0 1 2 0 0 
17 16 5 2 0 1 0 0 0 
22 18 6 3 0 0 0 0 0 
24 19 6 3 0 0 0 0 0 
22 19 6 4 0 0 0 0 0 
14 15 6 0 0 0 2 0 0 
16 16 6 0 0 0 2 0 0 
14 16 6 1 0 0 2 0 0 
13 15 6 0 0 0 3 0 0 
15 16 6 0 0 0 3 0 0 
13 16 6 1 0 0 3 0 0 
20 17 6 2 0 0 0 0 0 
20 17 6 2 0 0 0 0 0 
20 17 6 2 0 0 0 0 0 
20 17 6 2 0 0 0 0 0 
24 19 6 2 0 0 0 0 0 
22 18 6 2 0 0 0 0 0 
22 18 6 2 0 0 0 0 0 
22 18 6 2 0 0 0 0 0 
26 20 6 2 0 0 0 0 0 
24 21 6 3 0 0 0 0 0 
28 21 6 3 0 0 0 0 0 
26 20 6 3 0 0 0 0 0 
18 19 6 0 0 0 0 0 0 
20 20 6 1 0 0 0 0 0 
22 18 6 3 0 0 0 0 0 
24 19 6 3 0 0 0 0 0 
16 16 6 0 0 0 2 0 0 
18 19 6 0 0 0 0 0 0 
15 15 5 0 0 1 0 0 0 
17 19 5 0 0 1 0 0 0 
17 16 5 0 0 1 0 0 0 
17 16 5 0 0 1 0 0 0 
17 16 5 1 0 1 0 0 0 
17 16 5 1 0 1 0 0 0 
19 17 5 2 0 1 0 0 0 
14 15 5 0 0 1 1 0 0 
14 15 5 0 0 1 1 0 0 
15 15 6 0 0 0 1 0 0 
20 17 6 1 0 0 0 0 0 
20 17 6 1 0 0 0 0 0 
20 17 6 2 0 0 0 0 0 
22 18 6 2 0 0 0 0 0 
20 17 6 2 0 0 0 0 0 
22 18 6 3 0 0 0 0 0 
17 17 6 1 3 0 0 0 0 
17 17 6 1 3 0 0 0 0 
19 20 5 0 0 0 0 0 0 
21 18 5 2 0 0 0 0 0 
20 17 6 0 0 0 0 0 0 
20 17 6 1 0 0 0 0 0 
20 17 6 1 0 0 0 0 0 
20 17 6 2 0 0 0 0 0 
22 18 6 2 0 0 0 0 0 
22 18 6 2 0 0 0 0 0 
20 17 6 2 0 0 0 0 0 
22 18 6 2 0 0 0 0 0 
24 19 6 2 0 0 0 0 0 
26 20 6 2 0 0 0 0 0 
19 18 6 1 3 0 0 0 0 
18 19 6 0 0 0 0 0 0 
20 20 6 0 0 0 0 0 0 
16 18 6 0 0 0 0 0 0 
13 14 6 0 0 0 1 0 0 
20 17 6 3 0 0 0 0 0 
18 16 6 2 0 0 0 0 0 
14 14 6 0 0 0 0 0 0 
16 15 6 0 0 0 0 0 0 
20 17 6 3 0 0 0 0 0 
22 18 6 3 0 0 0 0 0 
22 18 6 3 0 0 0 0 0 
20 17 6 3 0 0 0 0 0 
22 18 6 3 0 0 0 0 0 
20 17 6 3 0 0 0 0 0 
20 17 6 3 0 0 0 0 0 
18 16 6 2 0 0 0 0 0 
18 16 6 2 0 0 0 0 0 
20 17 6 2 0 0 0 0 0 
18 16 6 2 0 0 0 0 0 
20 17 6 2 0 0 0 0 0 
16 18 6 0 0 0 0 0 0 
18 19 6 1 0 0 0 0 0 
18 19 6 1 0 0 0 0 0 
18 20 6 1 0 0 0 0 0 
16 15 6 0 0 0 0 0 0 
18 16 6 0 0 0 0 0 0 
23 21 7 2 0 0 0 0 0 
23 21 7 2 0 0 0 0 0 
27 23 7 0 0 0 0 0 0 
22 22 6 1 0 0 0 0 0 
16 15 6 0 0 0 0 0 0 
18 16 6 1 0 0 0 0 0 
18 16 6 1 0 0 0 0 0 
18 16 6 1 0 0 0 0 0 
15 15 6 0 0 0 1 0 0 
15 15 6 0 0 0 1 0 0 
15 15 6 0 0 0 1 0 0 
15 15 6 0 0 0 0 1 0 
20 17 6 1 0 0 0 0 0 
20 17 6 1 0 0 0 0 0 
17 16 6 0 0 0 1 0 0 
17 16 6 0 0 0 1 0 0 
17 16 6 0 0 0 0 1 0 
13 15 5 2 0 0 0 0 0 
15 16 5 2 0 0 0 0 0 
22 18 6 3 0 0 0 0 0 
24 19 6 3 0 0 0 0 0 
20 18 6 4 0 0 0 0 0 
19 18 5 3 0 0 0 0 0 
17 17 5 2 0 0 0 0 0 
15 16 5 1 0 0 0 0 0 
21 18 5 3 0 0 0 0 0 
19 17 5 2 0 0 0 0 0 
17 16 5 1 0 0 0 0 0 
19 17 5 2 0 0 0 0 0 
23 20 5 2 0 0 0 0 0 
19 19 5 1 0 0 0 0 0 
24 20 6 2 0 0 0 0 0 
20 18 6 1 0 0 0 0 0 
20 18 6 1 0 0 0 0 0 
22 19 6 2 0 0 0 0 0 
18 22 6 0 0 0 0 0 0 
21 19 5 1 0 0 0 0 0 
21 19 5 1 0 0 0 0 0 
9 8 5 1 0 0 0 0 0 
11 9 5 1 0 0 0 0 0 
18 17 6 0 0 0 0 0 0 
25 23 7 5 0 0 0 0 0 
20 18 6 1 0 0 0 0 0 
22 19 6 2 0 0 0 0 0 
16 17 6 0 0 0 2 0 0 
16 17 6 0 0 0 2 0 0 
18 18 6 2 0 0 0 0 0 
24 19 6 4 0 0 0 0 0 
26 19 6 4 0 0 0 0 0 
26 18 6 3 0 0 0 0 0 
25 18 5 3 0 0 0 0 0 
23 17 5 2 0 0 0 0 0 
21 16 5 2 0 0 0 0 0 
23 17 5 3 0 0 0 0 0 
22 17 5 3 0 0 0 1 0 
25 18 5 3 0 0 0 0 0 
27 19 5 3 0 0 0 0 0 
20 19 6 6 0 0 0 0 0 
22 20 6 6 0 0 0 0 0 
19 16 5 4 0 0 0 0 0 
10 13 5 1 0 0 3 0 0 
11 13 5 1 0 0 2 0 0 
17 15 5 3 0 0 0 0 0 
20 16 6 3 0 0 0 0 0 
18 15 6 2 0 0 0 0 0 
16 14 6 1 0 0 0 0 0 
18 15 6 2 0 0 0 0 0 
22 17 6 2 0 0 0 0 0 
12 13 6 0 0 0 2 0 0 
16 17 6 0 0 0 0 0 0 
14 13 6 0 0 0 0 0 0 
19 18 7 5 0 0 0 0 0 
20 16 6 2 0 0 0 0 0 
14 14 6 0 0 0 2 0 0 
18 18 6 0 0 0 0 0 0 
17 15 5 2 0 1 0 0 0 
11 13 5 0 0 1 2 0 0 
15 17 5 0 0 1 0 0 0 
15 17 5 0 0 1 0 0 0 
21 19 7 5 0 0 0 0 0 
19 16 5 3 0 1 0 0 0 
17 15 5 2 0 1 0 0 0 
21 17 5 3 0 1 0 0 0 
19 16 5 2 0 1 0 0 0 
14 17 6 0 0 1 2 0 0 
13 13 5 0 0 0 0 0 0 
12 13 4 1 0 1 0 0 0 
14 17 4 1 0 1 0 0 0 
14 17 4 1 0 1 0 0 0 
15 17 5 1 0 0 0 0 0 
15 17 5 1 0 0 0 0 0 
14 17 4 2 0 0 0 0 0 
17 19 5 2 0 0 0 0 0 
17 19 5 2 0 0 0 0 0 
17 19 5 1 0 0 0 0 0 
17 18 5 1 0 0 0 0 0 
11 13 5 1 0 0 2 0 0 
13 14 5 1 0 0 2 0 0 
12 14 5 1 0 0 3 0 0 
15 14 5 2 0 0 0 0 0 
19 16 5 3 0 0 0 0 0 
22 20 6 5 0 0 0 0 0 
26 26 6 5 0 0 0 0 0 
16 15 4 2 0 1 0 0 0 
18 16 4 2 0 1 0 0 0 
20 17 4 2 0 1 0 0 0 
18 16 4 3 0 1 0 0 0 
20 17 4 3 0 1 0 0 0 
22 18 4 3 0 1 0 0 0 
18 16 4 2 0 1 0 0 0 
20 17 4 2 0 1 0 0 0 
12 13 4 0 0 1 0 0 0 
10 13 4 0 0 1 2 0 0 
14 14 4 0 0 1 0 0 0 
11 13 4 0 0 1 1 0 0 
14 14 4 0 0 1 0 0 0 
12 10 4 0 0 1 0 0 0 
14 11 4 0 0 1 0 0 0 
16 12 4 0 0 1 0 0 0 
24 16 4 0 0 1 0 0 0 
15 15 5 0 0 1 0 0 0 
19 17 4 3 0 1 0 1 0 
19 17 4 3 0 1 0 1 0 
18 16 5 3 0 1 0 1 0 
18 16 5 3 0 1 0 1 0 
16 15 5 2 0 1 0 1 0 
20 17 5 3 0 1 0 1 0 
18 16 5 2 0 1 0 1 0 
13 17 6 0 0 1 2 1 0 
11 12 5 0 0 0 0 0 0 
10 12 5 0 0 0 1 0 0 
9 12 5 0 0 0 2 0 0 
17 15 5 3 0 0 0 0 0 
17 21 5 1 0 0 0 0 0 
17 21 5 1 0 0 0 0 0 
17 20 5 1 0 0 0 0 0 
17 20 5 1 0 0 0 0 0 
17 20 5 3 0 0 0 0 0 
20 21 6 1 0 0 0 0 0 
17 20 5 2 0 0 0 0 0 
15 20 5 2 0 0 0 0 0 
15 20 5 2 0 0 0 0 0 
19 21 5 3 0 0 0 0 0 
22 22 6 1 0 0 0 0 0 
16 19 4 1 0 1 0 0 0 
16 19 4 1 0 1 0 0 0 
16 19 4 1 0 1 0 0 0 
16 19 4 2 0 1 0 0 0 
16 19 4 2 0 1 0 0 0 
16 19 4 2 0 1 0 0 0 
11 13 4 1 0 1 1 0 0 
10 13 4 1 0 1 2 0 0 
11 13 5 3 0 1 0 0 0 
16 15 4 3 0 1 0 0 0 
19 16 5 3 0 0 0 0 0 
19 16 5 3 0 0 0 0 0 
19 16 5 3 0 0 0 0 0 
21 17 5 4 0 0 0 0 0 
13 14 5 1 0 0 2 0 0 
13 14 5 1 0 0 2 0 0 
13 14 5 1 0 0 2 0 0 
14 14 5 1 0 0 1 0 0 
21 17 5 3 0 0 0 0 0 
21 17 5 3 0 0 0 0 0 
23 18 5 4 0 0 0 0 0 
10 11 6 0 0 0 0 0 0 
16 14 6 3 0 0 0 0 0 
16 14 6 3 0 0 0 0 0 
16 14 6 3 0 0 0 0 0 
16 14 6 3 0 0 0 0 0 
14 13 6 2 0 0 0 0 0 
14 13 6 2 0 0 0 0 0 
14 13 6 2 0 0 0 0 0 
14 13 6 2 0 0 0 0 0 
8 11 6 0 0 0 2 0 0 
8 11 6 0 0 0 2 0 0 
14 13 6 3 0 0 0 0 0 
13 13 7 4 0 0 0 0 0 
14 17 6 0 0 0 0 0 0 
9 10 7 0 0 0 0 0 0 
12 15 6 0 0 0 0 0 0 
14 16 6 1 0 0 0 0 0 
18 18 6 0 0 0 0 0 0 
12 12 6 0 0 0 0 0 0 
19 15 7 3 0 0 0 0 0 
17 14 7 2 0 0 0 0 0 
14 16 6 0 0 1 0 0 0 
22 17 4 3 0 0 0 0 0 
24 18 4 3 0 0 0 0 0 
26 19 4 3 0 0 0 0 0 
19 17 5 2 0 0 0 0 0 
23 17 5 2 0 0 0 0 0 
13 15 5 0 0 0 2 0 0 
19 17 5 0 0 2 0 0 0 
19 17 5 2 0 0 0 0 0 
28 24 6 0 0 0 0 0 0 
20 20 6 1 0 0 0 0 0 
23 23 5 2 0 0 0 0 0 
23 19 5 2 0 0 0 0 0 
17 14 4 3 0 0 0 1 0 
18 16 4 3 0 0 0 0 0 
18 14 4 3 0 0 0 0 0 
24 17 4 2 0 0 0 0 0 
26 18 4 2 0 0 0 0 0 
28 19 4 2 0 0 0 0 0 
30 20 4 2 0 0 0 0 0 
32 21 4 2 0 0 0 0 0 
22 17 4 4 0 0 0 0 0 
26 19 4 4 0 0 0 0 0 
24 18 4 4 0 0 0 0 0 
28 20 4 4 0 0 0 0 0 
30 21 4 4 0 0 0 0 0 
20 16 4 4 0 0 0 0 0 
16 14 5 3 0 0 0 1 0 
22 19 6 4 0 0 0 0 0 
20 19 6 4 0 0 0 0 0 
16 19 6 4 0 0 2 0 0 
22 19 6 3 0 0 0 0 0 
20 19 6 3 0 0 0 0 0 
26 19 6 3 0 0 0 0 0 
13 16 5 1 0 0 0 0 0 
22 19 6 4 0 0 0 0 0 
20 19 6 4 0 0 0 0 0 
22 19 6 3 0 0 0 0 0 
22 19 6 4 0 0 0 0 0 
20 19 6 4 0 0 0 0 0 
22 19 6 3 0 0 0 0 0 
14 10 4 0 0 0 0 0 0 
12 9 4 0 0 0 0 0 0 
16 11 4 0 0 0 0 0 0 
13 9 5 0 0 0 0 0 0 
14 11 4 1 0 0 0 0 0 
18 13 4 0 0 0 0 0 0 
10 10 4 0 0 1 0 0 0 
10 11 4 0 0 0 0 0 0 
13 15 5 0 0 0 0 0 0 
15 16 5 1 0 0 0 0 0 
15 16 5 1 0 0 0 0 0 
11 15 5 0 0 0 0 0 0 
13 16 5 1 0 0 0 0 0 
13 15 5 0 0 0 0 0 0 
15 16 5 1 0 0 0 0 0 
15 16 5 1 0 0 0 0 0 
15 16 5 1 0 0 0 0 0 
11 15 5 0 0 0 0 0 0 
18 14 4 3 0 0 0 0 0 
